flutter.ndkVersion=29.0.13113456
android.ndkVersion=29.0.13113456
