flutter.ndkVersion=27.0.12077973
android.ndkVersion=27.0.12077973
